000  0005 0001 0100 0806 0A01 0000 0000 0000  ................
010  0000 0000 0C00 0000 0000 0000 0000 0000  ................
020  0000 0000 0000 0000 0000 0000 0000 0000  ................
030  0000 0000 0000 0000 0000 0000 0000 0000  ................
040  0000 0000 0000 0000 0000 0000 0000 0000  ................
050  0000 0000 0000 0000 0000 0000 0000 0000  ................
060  0000 0000 0000 0000 0000 0000 0000 0000  ................
070  0000 0000 0000 0000 0000 0000 0000 0000  ................
080  0000 0000 0000 0000 0000 0000 0000 0000  ................
090  0000 0000 0000 0000 0000 0000 0000 0000  ................
0A0  0000 0000 0000 0000 0000 0000 0000 0000  ................
0B0  0000 0000 0000 0000 0000 0000 0000 0000  ................
0C0  0000 0000 0000 0000 0000 0000 0000 0000  ................
0D0  0000 0000 0000 0000 0000 0000 0000 0000  ................
0E0  0000 0000 0000 0000 0000 0000 0000 0000  ................
0F0  0000 0000 0000 0000 0000 0000 0000 0000  ................
100  0000 0000 0000 0000 0000 0000 0000 0000  ................
110  0101 0000 0200 0000 0100 0000 0000 0000  ................
120  0000 0000 0000 0000 0000 0000 0000 0000  ................
130  0000 0000 0000 0000 0000 0000 0000 0000  ................
140  0000 0000 0000 0000 0100 0000 0000 0000  ................
150  0000 0000 0000 0000 0000 0000 0000 0000  ................
160  0000 0000 0000 0000 0000 0000 0000 0000  ................
170  0000 0000 0000 0000 0100 0000 0000 0000  ................
180  0000 0000 0000 0000 0000 0000 0000 0000  ................
190  0000 0000 0000 0000 0000 0000 0000 0000  ................
1A0  0000 0000 0000 0000 0000 0000 0000 0000  ................
1B0  0000 0000 0000 0000 0000 0000 0000 0000  ................
1C0  0000 0000 0000 0000 0100 0000 0000 0000  ................
1D0  0000 0000 0000 0000 1800 0040 0000 0000  ...........@....
1E0  0020 0000 0000 0000 0000 0000 0000 0000  . ..............
1F0  0000 0000 0000 0000 0000 0000 0000 0000  ................
200  0000 0000 05FF FF7F 7F00 0000 0000 0000  ................
210  BA26 08C7                                .&..            
